\documentclass{article}
\usepackage{booktabs}
\begin{document}
% latex table generated in R 4.1.2 by xtable 1.8-4 package
% Thu Oct 12 10:18:49 2023
\begin{table}[ht]
\centering
\caption{Porcentajes por Generación} 
\begin{tabular}{rrrrrrr}
  \hline
 & CH & GAM & DV & IZT & SLT & PESCER \\ 
  \hline
01 & 48.99 & 0.87 & 13.76 & 27.91 & 8.48 & 0.00 \\ 
  02 & 17.75 & 1.40 & 10.00 & 48.95 & 21.91 & 0.00 \\ 
  03 & 5.98 & 1.17 & 4.87 & 26.00 & 61.98 & 0.00 \\ 
  04 & 5.63 & 1.81 & 8.11 & 3.08 & 81.37 & 0.00 \\ 
  05 & 8.74 & 1.40 & 2.52 & 7.75 & 76.93 & 2.66 \\ 
  06 & 10.87 & 1.91 & 11.93 & 7.74 & 66.49 & 1.06 \\ 
  07 & 11.59 & 25.69 & 5.77 & 8.44 & 46.31 & 2.20 \\ 
  08 & 10.23 & 27.93 & 4.68 & 8.18 & 45.99 & 3.00 \\ 
  09 & 11.32 & 22.35 & 5.67 & 8.19 & 49.52 & 2.95 \\ 
  10 & 10.99 & 20.34 & 6.77 & 8.48 & 49.74 & 3.68 \\ 
  11 & 10.33 & 25.51 & 7.83 & 8.78 & 45.43 & 2.12 \\ 
  12 & 9.19 & 29.39 & 7.16 & 9.97 & 42.36 & 1.93 \\ 
  13 & 11.42 & 25.99 & 7.84 & 9.02 & 42.13 & 3.59 \\ 
  14 & 13.06 & 28.11 & 6.65 & 10.17 & 41.72 & 0.29 \\ 
  15 & 11.23 & 30.82 & 6.09 & 10.12 & 38.98 & 2.77 \\ 
  16 & 9.83 & 28.15 & 7.95 & 12.58 & 39.94 & 1.56 \\ 
  17 & 10.78 & 27.17 & 9.35 & 13.02 & 38.43 & 1.25 \\ 
  18 & 8.88 & 26.72 & 7.79 & 15.40 & 38.55 & 2.66 \\ 
  19 & 10.28 & 26.69 & 8.17 & 15.93 & 38.36 & 0.57 \\ 
   \hline
\end{tabular}
\end{table}
\end{document}
