\documentclass{article}
\usepackage{amssymb}
\usepackage{graphicx}
\usepackage{multirow}
\begin{document}

\begin{table}[ht]
\centering
\caption{Porcentajes por Licenciatura y Plantel (Transpuesta)}
\label{tab:porcentajes_transpuesta}
\begin{tabular}{|l|c|c|c|c|c|c|}
\hline
Licenciatura & CH & GAM & DV & IZT & SLT & PESCER \\ \hline
ISET & 6.25 & 24.61 & 0.13 & 19.17 & 49.81 & 0.04 \\
AyPC & 33.44 & 18.46 & 1.15 & 2.15 & 44.75 & 0.04 \\
CPyAU & 1.56 & 14.61 & 14.49 & 21.91 & 46.84 & 0.58 \\
CAyCC & 0.16 & 0.39 & 2.00 & 38.55 & 58.89 & 0.00 \\
GENOMICAS & 2.48 & 1.78 & 87.94 & 0.93 & 6.87 & 0.00 \\
CiSOC & 1.31 & 32.12 & 0.46 & 1.31 & 64.80 & 0.00 \\
COMYCULT & 18.87 & 17.56 & 0.59 & 3.84 & 59.09 & 0.05 \\
CREACION & 3.01 & 18.24 & 38.14 & 0.44 & 39.59 & 0.59 \\
DERECHO & 3.05 & 52.19 & 1.03 & 1.71 & 5.23 & 36.80 \\
FEHDI & 2.67 & 18.48 & 29.94 & 0.98 & 47.79 & 0.14 \\
HISTYSOCCON & 2.30 & 25.07 & 5.24 & 0.88 & 66.51 & 0.00 \\
SOFTWARE & 2.07 & 39.12 & 0.28 & 1.84 & 56.58 & 0.11 \\
ISTU & 29.40 & 23.98 & 0.13 & 1.90 & 44.57 & 0.02 \\
ISEI & 3.99 & 23.28 & 0.37 & 14.90 & 57.41 & 0.05 \\
ISENER & 2.52 & 1.71 & 0.63 & 2.19 & 92.95 & 0.00 \\
MODELACION & 1.86 & 10.82 & 0.80 & 24.70 & 61.46 & 0.37 \\
NUTRICION & 0.98 & 30.72 & 1.09 & 23.46 & 43.75 & 0.00 \\
PROMOCION & 19.53 & 14.23 & 0.75 & 22.96 & 42.51 & 0.02 \\
PROTECCION & 1.70 & 35.04 & 0.22 & 1.28 & 61.77 & 0.00 \\
\hline
\end{tabular}
\end{table}

\end{document}